SD 26
GRD SUBSTRATE G 0 0 0 n 0 -1 0 0 0 0 0 0 0 -1 -10001 -1 0 0
GRD STI_BOT D 0 0 1 n 0 -1 0 0 0.255 3.315 0 0 0 0 -10001 -1 0 0
GRD ACTIVE C 1 1 2 n 0 0.0877963 0 0.255 0.3485 0 0.07 0.09 0 -1 -10001 -1 0 0
GRD STI_TOP D 0 0 3 n 0 -1 0 0.255 0.4675 3.825 0 0 0 0 -10001 -1 0 0
GRD GATE C 2 2 4 n 0 0.105988 0 0.4675 0.5345 0 0.04 0.08 0.002975 -1 -10001 -1 0 0
GRD diel1a D 0 0 5 n 0 -1 0 0.4675 0.4685 3.825 0 0 0 0 -10001 -1 0 0
GRD POLY C 3 2 6 n 0 0.105988 0 0.4685 0.5355 0 0.04 0.08 0.002975 -1 -10001 -1 0 0
GRD SPACER D 0 0 7 n 0 -1 0 0.4685 0.4685 5.8 0 0 0 0 -10001 -1 0 0
GRD diel1b D 0 0 8 n 0 -1 0 0.4685 0.5535 2.1675 0 0 0 0 -10001 -1 0 0
GRD M1 C 4 3 9 n 0 3.71429 0 0.5535 0.6835 0 0.07 0.09 0 -1 -10001 -1 0.122785 0
GRD diel2a D 0 0 10 n 0 -1 0 0.5535 0.6035 2.1675 0 0 0 0 -10001 -1 0 0
GRD diel2b D 0 0 11 n 0 -1 0 0.6035 0.7285 2.1675 0 0 0 0 -10001 -1 0 0
GRD M2 C 5 4 12 n 0 4.33526 0 0.7285 0.8785 0 0.07 0.09 0 -1 -10001 -1 0.122785 0
GRD diel3a D 0 0 13 n 0 -1 0 0.7285 0.7785 2.1675 0 0 0 0 -10001 -1 0 0
GRD diel3b D 0 0 14 n 0 -1 0 0.7785 0.9035 2.1675 0 0 0 0 -10001 -1 0 0
GRD M3 C 6 5 15 n 0 4.33526 0 0.9035 1.0535 0 0.07 0.09 0 -1 -10001 -1 0.122785 0
GRD diel4a D 0 0 16 n 0 -1 0 0.9035 0.9535 2.1675 0 0 0 0 -10001 -1 0 0
GRD diel4b D 0 0 17 n 0 -1 0 0.9535 1.0785 2.1675 0 0 0 0 -10001 -1 0 0
GRD M4 C 7 6 18 n 0 4.33526 0 1.0785 1.2285 0 0.07 0.09 0 -1 -10001 -1 0.122785 0
GRD diel5a D 0 0 19 n 0 -1 0 1.0785 1.1285 2.1675 0 0 0 0 -10001 -1 0 0
GRD diel5b D 0 0 20 n 0 -1 0 1.1285 1.2535 2.1675 0 0 0 0 -10001 -1 0 0
GRD M5 C 8 7 21 n 0 4.33526 0 1.2535 1.4035 0 0.07 0.09 0 -1 -10001 -1 0.122785 0
GRD diel6a D 0 0 22 n 0 -1 0 1.2535 1.3035 2.1675 0 0 0 0 -10001 -1 0 0
GRD diel6b D 0 0 23 n 0 -1 0 1.3035 1.4285 2.1675 0 0 0 0 -10001 -1 0 0
GRD M6 C 9 8 24 n 0 4.33526 0 1.4285 1.5785 0 0.07 0.09 0 -1 -10001 -1 0.122785 0
GRD diel7a D 0 0 25 n 0 -1 0 1.4285 1.4785 2.1675 0 0 0 0 -10001 -1 0 0
GRD diel7b D 0 0 26 n 0 -1 0 1.4785 1.6035 2.1675 0 0 0 0 -10001 -1 0 0
GRD M7 C 10 9 27 n 0 4.33526 0 1.6035 1.7535 0 0.07 0.09 0 -1 -10001 -1 0.122785 0
GRD diel8a D 0 0 28 n 0 -1 0 1.6035 1.6535 2.1675 0 0 0 0 -10001 -1 0 0
GRD diel8b D 0 0 29 n 0 -1 0 1.6535 1.7785 2.1675 0 0 0 0 -10001 -1 0 0
GRD M8 C 11 10 30 n 0 4.33526 0 1.7785 1.9285 0 0.07 0.09 0 -1 -10001 -1 0.122785 0
GRD diel9a D 0 0 31 n 0 -1 0 1.7785 1.8235 6.035 0 0 0 0 -10001 -1 0 0
GRD diel9b D 0 0 32 n 0 -1 0 1.8235 2.4585 3.57 0 0 0 0 -10001 -1 0 0
GRD M9 C 12 11 33 n 0 4.33526 0 2.4585 2.6085 0 0.07 0.09 0 -1 -10001 -1 0.122785 0
GRD diel10a D 0 0 34 n 0 -1 0 2.4585 2.5235 6.035 0 0 0 0 -10001 -1 0 0
GRD diel10b D 0 0 35 n 0 -1 0 2.5235 3.1185 3.57 0 0 0 0 -10001 -1 0 0
GRD M10 C 13 12 36 n 0 39.0173 0 3.1185 4.4685 0 0.07 0.09 0 -1 -10001 -1 -0.034 0
GRD TEOS D 0 0 37 n 0 -1 0 3.1185 3.4585 3.57 0 0 0 0 -10001 -1 0 0
GRD SiN D 0 0 38 n 0 -1 0 3.4585 3.9685 6.035 0 0 0 0 -10001 -1 0 0
GRD V9 V 12 11 0 n 0 887.311 0 2.6085 3.1185 0 0 0 0 0 -10001 -1 0 0
GRD V8 V 11 10 1 n 0 887.311 0 1.9285 2.4585 0 0 0 0 0 -10001 -1 0 0
GRD V7 V 10 9 2 n 0 40.016 0 1.7535 1.7785 0 0 0 0 0 -10001 -1 0 0
GRD V6 V 9 8 3 n 0 40.016 0 1.5785 1.6035 0 0 0 0 0 -10001 -1 0 0
GRD V5 V 8 7 4 n 0 40.016 0 1.4035 1.4285 0 0 0 0 0 -10001 -1 0 0
GRD V4 V 7 6 5 n 0 40.016 0 1.2285 1.2535 0 0 0 0 0 -10001 -1 0 0
GRD V3 V 6 5 6 n 0 40.016 0 1.0535 1.0785 0 0 0 0 0 -10001 -1 0 0
GRD V2 V 5 4 7 n 0 40.016 0 0.8785 0.9035 0 0 0 0 0 -10001 -1 0 0
GRD V1 V 4 3 8 n 0 40.016 0 0.6835 0.7285 0 0 0 0 0 -10001 -1 0 0
GRD CS_GC V 3 2 9 n 0 13.8997 0 0.5355 0.5535 0 0 0 0 0 -10001 -1 0 0
GRD CS_AA V 1 1 10 n 0 7.94269 0 0.3485 0.5535 0 0 0 0 0 -10001 -1 0 0
GRD CS_SCON V 0 0 11 n 0 4.7259e+07 0 0 0.255 0 0 0 0 0 -10001 -1 0 0

DB metal1 C 1 1 1 0.269231 0 0 0 0 0 F 0 0 0 0 M1
DB metal2 C 2 2 2 0.230667 0 0 0 0 0 F 0 0 0 0 M2
DB metal3 C 3 3 3 0.230667 0 0 0 0 0 F 0 0 0 0 M3
DB metal4 C 4 4 4 0.230667 0 0 0 0 0 F 0 0 0 0 M4
DB metal5 C 5 5 5 0.230667 0 0 0 0 0 F 0 0 0 0 M5
DB metal6 C 6 6 6 0.230667 0 0 0 0 0 F 0 0 0 0 M6
DB metal7 C 7 7 7 0.230667 0 0 0 0 0 F 0 0 0 0 M7
DB metal8 C 8 8 8 0.230667 0 0 0 0 0 F 0 0 0 0 M8
DB metal9 C 9 9 9 0.230667 0 0 0 0 0 F 0 0 0 0 M9
DB metal10 C 10 10 10 0.0256296 0 0 0 0 0 F 0 0 0 0 M10
DB POLY C 11 11 11 9.435 0 0 0 0 0 F 0 0 0 0 POLY
DB subtie C 12 12 12 11.39 0 0 0 0 0 F 0 0 0 0 ACTIVE
DB poly_psub_via C 13 13 13 9.435 0 0 0 0 0 F 0 0 0 0 POLY
DB poly_nw_via C 14 14 14 9.435 0 0 0 0 0 F 0 0 0 0 POLY
DB ndiff CDdm 15 15 15 11.39 0 0 0 0 0 F 0 0 0 0 ACTIVE
DB ndiff_hv CDdm 16 16 16 11.39 0 0 0 0 0 F 0 0 0 0 ACTIVE
DB pdiff CDdm 17 17 17 11.39 0 0 0 0 0 F 0 0 0 0 ACTIVE
DB pdiff_hv CDdm 18 18 18 11.39 0 0 0 0 0 F 0 0 0 0 ACTIVE
DB poly C 19 19 19 9.435 0 0 0 0 0 F 0 0 0 0 POLY
DB ngate CDcgm 20 20 20 9.435 0 0 0 0 0 F 0 0 0 0 GATE
DB ngate_hv CDcgm 21 21 21 9.435 0 0 0 0 0 F 0 0 0 0 GATE
DB pgate CDcgm 22 22 22 9.435 0 0 0 0 0 F 0 0 0 0 GATE
DB pgate_hv CDcgm 23 23 23 9.435 0 0 0 0 0 F 0 0 0 0 GATE
DB metal1_term1 CDa 24 24 24 0.269231 0 0 0 0 0 F 0 0 0 0 M1
DB metal1_term2 CDa 25 25 25 0.269231 0 0 0 0 0 F 0 0 0 0 M1
DB rnpoly_body CDpcR 26 26 26 9.435 0 0 0 0 0 F 0 0 0 0 POLY
DB rnpoly_term CDcw 27 27 27 9.435 0 0 0 0 0 F 0 0 0 0 POLY
DB welltie C 28 28 28 11.39 0 0 0 0 0 F 0 0 0 0 ACTIVE
DB V1S V 29 2 1 0.02499 0 0 0 0 0 F 0 0 0 0 V1
DB V2S V 30 3 2 0.02499 0 0 0 0 0 F 0 0 0 0 V2
DB V3S V 31 4 3 0.02499 0 0 0 0 0 F 0 0 0 0 V3
DB V4S V 32 5 4 0.02499 0 0 0 0 0 F 0 0 0 0 V4
DB V5S V 33 6 5 0.02499 0 0 0 0 0 F 0 0 0 0 V5
DB V6S V 34 7 6 0.02499 0 0 0 0 0 F 0 0 0 0 V6
DB V7S V 35 8 7 0.02499 0 0 0 0 0 F 0 0 0 0 V7
DB V8S V 36 9 8 0.001127 0 0 0 0 0 F 0 0 0 0 V8
DB V9S V 37 10 9 0.001127 0 0 0 0 0 F 0 0 0 0 V9
DB diffCont V 38 1 51 0.125902 0 0 0 0 0 F 0 0 0 0 CS_AA
DB polyCont V 39 1 52 0.071944 0 0 0 0 0 F 0 0 0 0 CS_GC
DB M1PIN M 40 40 40 0.269231 0 0 0 0 0 F 0 0 0 0 M1
DB M2PIN M 41 41 41 0.230667 0 0 0 0 0 F 0 0 0 0 M2
DB M3PIN M 42 42 42 0.230667 0 0 0 0 0 F 0 0 0 0 M3
DB M4PIN M 43 43 43 0.230667 0 0 0 0 0 F 0 0 0 0 M4
DB M5PIN M 44 44 44 0.230667 0 0 0 0 0 F 0 0 0 0 M5
DB M6PIN M 45 45 45 0.230667 0 0 0 0 0 F 0 0 0 0 M6
DB M7PIN M 46 46 46 0.230667 0 0 0 0 0 F 0 0 0 0 M7
DB M8PIN M 47 47 47 0.230667 0 0 0 0 0 F 0 0 0 0 M8
DB M9PIN M 48 48 48 0.230667 0 0 0 0 0 F 0 0 0 0 M9
DB M10PIN M 49 49 49 0.0256296 0 0 0 0 0 F 0 0 0 0 M10
DB POLY_PIN M 50 50 50 9.435 0 0 0 0 0 F 0 0 0 0 POLY
DB subtie:welltie:pdiff:ndiff:pdiff_hv:ndiff_hv r 51 51 51 11.39 0 0 0 0 0 F 0 0 0 0 ACTIVE
DB rnpoly_term:poly r 52 52 52 9.435 0 0 0 0 0 F 0 0 0 0 POLY


